P2
# CREATOR: GIMP PNM Filter Version 1.1
#
100 100
255
255 255 255 255 255 255 255 254 251 254 255 255 255 255 255 255 255 254 251 253 255 255 255 255 255 255 255 255 255 255 255 255 255 255 255 255 255 255 255 255 255 255 255 255 255 255 255 255 255 255 255 255 255 255 255 255 255 255 255 255 255 255 255 255 255 255 255 255 255 255 255 255 255 255 255 255 255 255 255 255 255 255 255 255 255 255 255 255 255 255 255 255 255 255 255 255 255 255 255 255 
255 255 255 255 255 255 253 253 255 254 230 220 221 221 221 220 226 251 255 254 252 255 255 255 255 255 255 255 255 255 255 255 255 255 255 255 255 255 255 255 255 255 255 255 255 255 255 255 255 255 255 255 255 255 255 255 255 255 255 255 255 255 255 255 255 255 255 255 255 255 255 255 255 255 255 255 255 255 255 255 255 255 255 255 255 255 255 255 255 255 255 255 255 255 255 255 255 255 255 255 
255 255 255 255 255 252 255 245 140 47 9 2 3 2 2 2 5 36 117 232 255 251 255 255 255 255 255 255 255 255 255 255 255 255 255 255 255 255 255 255 255 255 255 255 255 255 255 255 255 255 255 255 255 255 255 255 255 255 255 255 255 255 255 255 255 255 253 251 251 252 252 252 252 252 252 252 252 252 252 251 251 252 254 255 255 255 255 255 255 255 255 255 255 255 255 255 255 255 255 255 
255 255 255 255 252 255 202 43 0 1 0 0 0 0 0 0 0 1 0 21 186 255 251 255 255 255 255 255 255 255 255 255 255 255 255 255 255 255 255 255 255 255 255 255 255 255 255 255 255 255 255 255 255 255 255 255 255 255 255 255 255 255 255 255 255 252 255 255 255 255 255 255 255 255 255 255 255 255 255 255 255 255 255 254 251 251 254 255 255 255 255 255 255 255 255 255 255 255 255 255 
255 255 255 252 255 158 2 0 4 3 1 1 1 1 1 1 1 2 5 0 4 163 255 252 255 255 255 255 255 255 255 255 255 255 255 255 255 255 255 255 255 255 255 255 255 255 255 255 255 255 255 255 255 255 255 255 255 255 255 255 255 255 255 254 252 255 229 146 89 76 78 78 78 78 78 78 78 78 77 107 139 186 231 254 255 255 255 252 254 255 255 255 255 255 255 255 255 255 255 255 
255 255 253 255 192 2 1 3 0 0 0 0 0 0 0 0 0 0 0 2 2 0 190 255 253 255 255 255 255 255 255 255 255 255 255 255 255 255 255 255 255 255 255 255 255 255 255 255 255 255 255 255 255 255 255 255 255 255 255 255 255 255 255 253 255 138 10 0 1 0 0 0 0 0 0 0 0 0 0 0 0 0 11 48 101 159 230 255 252 254 255 255 255 255 255 255 255 255 255 255 
255 255 255 255 56 0 4 0 0 0 0 0 0 0 0 0 0 0 0 0 3 0 49 252 255 254 255 255 255 255 255 255 255 255 255 255 255 255 255 255 255 255 255 255 255 255 255 255 255 255 255 255 255 255 255 255 255 255 255 255 255 255 253 255 99 0 3 4 4 3 3 3 3 3 3 3 3 3 3 4 4 2 0 0 1 0 11 130 252 253 254 255 255 255 255 255 255 255 255 255 
255 253 255 197 0 2 0 0 0 0 0 0 0 0 0 0 0 0 0 0 0 3 0 174 255 250 254 255 255 255 255 255 255 255 255 255 255 255 255 255 255 255 255 255 255 255 255 255 255 255 255 255 255 255 255 255 255 255 255 255 255 252 255 152 0 5 1 0 0 0 0 0 0 0 0 0 0 0 0 0 0 0 1 2 4 4 2 0 79 252 254 254 255 255 255 255 255 255 255 255 
255 251 255 137 0 4 0 0 0 0 0 0 0 0 0 0 0 0 0 0 0 3 0 65 255 254 254 253 251 251 254 255 255 255 255 255 255 255 255 255 255 255 255 255 255 255 255 255 255 255 255 254 254 254 254 254 254 254 254 255 254 255 240 30 0 2 0 0 0 0 0 0 0 0 0 0 0 0 0 0 0 0 0 0 0 0 1 6 0 97 255 254 255 255 255 255 255 255 255 255 
255 253 255 71 0 3 0 0 0 0 0 0 0 0 0 0 0 0 0 0 0 0 1 0 158 222 247 255 255 255 255 253 251 254 255 255 255 255 255 255 255 255 255 255 255 255 255 253 251 251 254 255 255 255 255 255 255 255 255 253 247 255 148 0 4 0 0 0 0 0 0 0 0 0 0 0 0 0 0 0 0 0 0 0 0 0 0 0 5 0 137 255 252 255 255 255 255 255 255 255 
254 255 251 36 0 2 0 0 0 0 0 0 0 0 0 0 0 0 0 0 0 0 0 1 0 2 33 71 103 171 243 255 255 254 252 255 255 255 255 255 255 255 255 255 255 252 252 255 255 255 255 245 236 246 253 251 252 252 251 254 253 255 74 0 3 0 0 0 0 0 0 0 0 0 0 0 0 0 0 0 0 0 0 0 0 0 0 0 1 0 15 226 255 254 255 255 255 255 255 255 
253 255 229 12 0 1 0 0 0 0 0 0 0 0 0 0 0 0 0 0 0 0 0 0 2 0 0 0 0 0 23 66 138 235 255 252 255 255 255 255 255 255 255 251 254 255 255 229 167 95 56 27 15 28 36 34 34 35 33 54 120 192 35 0 2 0 0 0 0 0 0 0 0 0 0 0 0 0 0 0 0 0 0 0 0 0 0 0 0 4 0 145 255 251 255 255 255 255 255 255 
253 255 220 3 0 1 0 0 0 0 0 0 0 0 0 0 0 0 0 0 0 0 0 0 0 1 2 3 4 3 0 1 0 21 177 255 252 255 255 255 255 252 253 255 252 181 81 9 0 0 0 0 0 0 0 0 0 0 0 0 0 1 2 0 0 0 0 0 0 0 0 0 0 0 0 0 0 0 0 0 0 0 0 0 0 0 0 0 0 2 0 59 255 254 255 255 255 255 255 255 
253 255 217 2 0 1 0 0 0 0 0 0 0 0 0 0 0 0 0 0 0 0 0 0 0 0 0 0 0 0 1 3 4 1 0 170 255 252 255 253 251 255 255 159 39 0 0 0 3 4 3 2 1 2 2 2 2 2 2 3 4 2 0 0 0 0 0 0 0 0 0 0 0 0 0 0 0 0 0 0 0 0 0 0 0 0 0 0 0 0 0 0 202 255 253 255 255 255 255 255 
252 255 186 0 2 0 0 0 0 0 0 0 0 0 0 0 0 0 0 0 0 0 0 0 0 0 0 0 0 0 0 0 0 3 0 21 228 255 251 253 255 207 54 0 1 3 4 1 0 0 0 0 0 0 0 0 0 0 0 0 0 0 0 0 0 0 0 0 0 0 0 0 0 0 0 0 0 0 0 0 0 0 0 0 0 0 0 0 0 0 3 0 103 255 252 255 255 255 255 255 
251 255 154 0 4 0 0 0 0 0 0 0 0 0 0 0 0 0 0 0 0 0 0 0 0 0 0 0 0 0 0 0 0 0 5 0 123 255 254 233 112 8 0 4 2 0 0 0 0 0 0 0 0 0 0 0 0 0 0 0 0 0 0 0 0 0 0 0 0 0 0 0 0 0 0 0 0 0 0 0 0 0 0 0 0 0 0 0 0 0 1 0 22 237 255 254 255 255 255 255 
250 255 127 0 4 0 0 0 0 0 0 0 0 0 0 0 0 0 0 0 0 0 0 0 0 0 0 0 0 0 0 0 0 0 2 0 37 255 184 21 0 3 3 0 0 0 0 0 0 0 0 0 0 0 0 0 0 0 0 0 0 0 0 0 0 0 0 0 0 0 0 0 0 0 0 0 0 0 0 0 0 0 0 0 0 0 0 0 0 0 0 2 0 174 255 252 255 255 255 255 
250 255 127 0 4 0 0 0 0 0 0 0 0 0 0 0 0 0 0 0 0 0 0 0 0 0 0 0 0 0 0 0 0 0 0 0 8 61 5 0 4 1 0 0 0 0 0 0 0 0 0 0 0 0 0 0 0 0 0 0 0 0 0 0 0 0 0 0 0 0 0 0 0 0 0 0 0 0 0 0 0 0 0 0 0 0 0 0 0 0 0 3 0 63 255 254 255 255 255 255 
250 255 127 0 4 0 0 0 0 0 0 0 0 0 0 0 0 0 0 0 0 0 0 0 0 0 0 0 0 0 0 0 0 0 0 0 1 0 2 2 0 0 0 0 0 0 0 0 0 0 0 0 0 0 0 0 0 0 0 0 0 0 0 0 0 0 0 0 0 0 0 0 0 0 0 0 0 0 0 0 0 0 0 0 0 0 0 0 0 0 0 1 0 3 212 255 253 255 255 255 
250 255 127 0 4 0 0 0 0 0 0 0 0 0 0 0 0 0 0 0 0 0 0 0 0 0 0 0 0 0 0 0 0 0 0 0 0 3 0 0 0 0 0 0 0 0 0 0 0 0 0 0 0 0 0 0 0 0 0 0 0 0 0 0 0 0 0 0 0 0 0 0 0 0 0 0 0 0 0 0 0 0 0 0 0 0 0 0 0 0 0 0 4 0 127 255 251 255 255 255 
250 255 127 0 4 0 0 0 0 0 0 0 0 0 0 0 0 0 0 0 0 0 0 0 0 0 0 0 0 0 0 0 0 0 0 0 0 0 0 0 0 0 0 0 0 0 0 0 0 0 0 0 0 0 0 0 0 0 0 0 0 0 0 0 0 0 0 0 0 0 0 0 0 0 0 0 0 0 0 0 0 0 0 0 0 0 0 0 0 0 0 0 1 0 28 235 255 254 255 255 
250 255 127 0 4 0 0 0 0 0 0 0 0 0 0 0 0 0 0 0 0 0 0 0 0 0 0 0 0 0 0 0 0 0 0 0 0 0 0 0 0 0 0 0 0 0 0 0 0 0 0 0 0 0 0 0 0 0 0 0 0 0 0 0 0 0 0 0 0 0 0 0 0 0 0 0 0 0 0 0 0 0 0 0 0 0 0 0 0 0 0 0 0 4 0 133 255 251 255 255 
250 255 127 0 4 0 0 0 0 0 0 0 0 0 0 0 0 0 0 0 0 0 0 0 0 0 0 0 0 0 0 0 0 0 0 0 0 0 0 0 0 0 0 0 0 0 0 0 0 0 0 0 0 0 0 0 0 0 0 0 0 0 0 0 0 0 0 0 0 0 0 0 0 0 0 0 0 0 0 0 0 0 0 0 0 0 0 0 0 0 0 0 0 2 0 46 251 255 254 255 
250 255 127 0 4 0 0 0 0 0 0 0 0 0 0 0 0 0 0 0 0 0 0 0 0 0 0 0 0 0 0 0 0 0 0 0 0 0 0 0 0 0 0 0 0 0 0 0 0 0 0 0 0 0 0 0 0 0 0 0 0 0 0 0 0 0 0 0 0 0 0 0 0 0 0 0 0 0 0 0 0 0 0 0 0 0 0 0 0 0 0 0 0 0 3 0 153 255 252 255 
250 255 127 0 4 0 0 0 0 0 0 0 0 0 0 0 0 0 0 0 0 0 0 0 0 0 0 0 0 0 0 0 0 0 0 0 0 0 0 0 0 0 0 0 0 0 0 0 0 0 0 0 0 0 0 0 0 0 0 0 0 0 0 0 0 0 0 0 0 0 0 0 0 0 0 0 0 0 0 0 0 0 0 0 0 0 0 0 0 0 0 0 0 0 2 0 51 255 255 255 
250 255 127 0 4 0 0 0 0 0 0 0 0 0 0 0 0 0 0 0 0 0 0 0 0 0 0 0 0 0 0 0 0 0 0 0 0 0 0 0 0 0 0 0 0 0 0 0 0 0 0 0 0 0 0 0 0 0 0 0 0 0 0 0 0 0 0 0 0 0 0 0 0 0 0 0 0 0 0 0 0 0 0 0 0 0 0 0 0 0 0 0 0 0 0 1 0 193 255 252 
250 255 127 0 4 0 0 0 0 0 0 0 0 0 0 0 0 0 0 0 0 0 0 0 0 0 0 0 0 0 0 0 0 0 0 0 0 0 0 0 0 0 0 0 0 0 0 0 0 0 0 0 0 0 0 0 0 0 0 0 0 0 0 0 0 0 0 0 0 0 0 0 0 0 0 0 0 0 0 0 0 0 0 0 0 0 0 0 0 0 0 0 0 0 0 3 0 92 255 252 
250 255 127 0 4 0 0 0 0 0 0 0 0 0 0 0 0 0 0 0 0 0 0 0 0 0 0 0 0 0 0 0 0 0 0 0 0 0 0 0 0 0 0 0 0 0 0 0 0 0 0 0 0 0 0 0 0 0 0 0 0 0 0 0 0 0 0 0 0 0 0 0 0 0 0 0 0 0 0 0 0 0 0 0 0 0 0 0 0 0 0 0 0 0 0 1 0 16 233 255 
250 255 127 0 4 0 0 0 0 0 0 0 0 0 0 0 0 0 0 0 0 0 0 0 0 0 0 0 0 0 0 0 0 0 0 0 0 0 0 0 0 0 0 0 0 0 0 0 0 0 0 0 0 0 0 0 0 0 0 0 0 0 0 0 0 0 0 0 0 0 0 0 0 0 0 0 0 0 0 0 0 0 0 0 0 0 0 0 0 0 0 0 0 0 0 0 2 0 177 255 
250 255 127 0 4 0 0 0 0 0 0 0 0 0 0 0 0 0 0 0 0 0 0 0 0 0 0 0 0 0 0 0 0 0 0 0 0 0 0 0 0 0 0 0 0 0 0 0 0 0 0 0 0 0 0 0 0 0 0 0 0 0 0 0 0 0 0 0 0 0 0 0 0 0 0 0 0 0 0 0 0 0 0 0 0 0 0 0 0 0 0 0 0 0 0 0 4 0 113 255 
250 255 127 0 4 0 0 0 0 0 0 0 0 0 0 0 0 0 0 0 0 0 0 0 0 0 0 0 0 0 0 0 0 0 0 0 0 0 0 0 0 0 0 0 0 0 0 0 0 0 0 0 0 0 0 0 0 0 0 0 0 0 0 0 0 0 0 0 0 0 0 0 0 0 0 0 0 0 0 0 0 0 0 0 0 0 0 0 0 0 0 0 0 0 0 0 3 0 64 255 
250 255 127 0 4 0 0 0 0 0 0 0 0 0 0 0 0 0 0 0 0 0 0 0 0 0 0 0 0 0 0 0 0 0 0 0 0 0 0 0 0 0 0 0 0 0 0 0 0 0 0 0 0 0 0 0 0 0 0 0 0 0 0 0 0 0 0 0 0 0 0 0 0 0 0 0 0 0 0 0 0 0 0 0 0 0 0 0 0 0 0 0 0 0 0 0 1 0 27 241 
250 255 127 0 4 0 0 0 0 0 0 0 0 0 0 0 0 0 0 0 0 0 0 0 0 0 0 0 0 0 0 0 0 0 0 0 0 0 0 0 0 0 0 0 0 0 0 0 0 0 0 0 0 0 0 0 0 0 0 0 0 0 0 0 0 0 0 0 0 0 0 0 0 0 0 0 0 0 0 0 0 0 0 0 0 0 0 0 0 0 0 0 0 0 0 0 1 0 22 237 
250 255 127 0 4 0 0 0 0 0 0 0 0 0 0 0 0 0 0 0 0 0 0 0 0 0 0 0 0 0 0 0 0 0 0 0 0 0 0 0 0 0 0 0 0 0 0 0 0 0 0 0 0 0 0 0 0 0 0 0 0 0 0 0 0 0 0 0 0 0 0 0 0 0 0 0 0 0 0 0 0 0 0 0 0 0 0 0 0 0 0 0 0 0 0 0 1 0 22 237 
250 255 127 0 4 0 0 0 0 0 0 0 0 0 0 0 0 0 0 0 0 0 0 0 0 0 0 0 0 0 0 0 0 0 0 0 0 0 0 0 0 0 0 0 0 0 0 0 0 0 0 0 0 0 0 0 0 0 0 0 0 0 0 0 0 0 0 0 0 0 0 0 0 0 0 0 0 0 0 0 0 0 0 0 0 0 0 0 0 0 0 0 0 0 0 0 1 0 21 236 
250 255 127 0 4 0 0 0 0 0 0 0 0 0 0 0 0 0 0 0 0 0 0 1 0 0 0 0 0 0 0 0 0 0 0 0 0 0 0 0 0 0 0 0 0 0 0 0 0 0 0 0 0 0 0 0 0 0 0 0 0 0 0 0 0 0 0 0 0 0 0 0 0 0 0 0 0 0 0 0 0 0 0 0 0 0 0 0 0 0 0 0 0 0 0 0 1 0 22 237 
250 255 127 0 4 0 0 0 0 0 0 0 0 0 0 0 0 0 0 0 0 0 1 1 0 0 0 0 0 0 0 0 0 0 0 0 0 0 0 0 0 0 0 0 0 0 0 0 0 0 0 0 0 0 0 0 0 0 0 0 0 0 0 0 0 0 0 0 0 0 0 0 0 0 0 0 0 0 0 0 0 0 0 0 1 0 0 0 0 0 0 0 0 0 0 0 1 0 21 236 
250 255 129 0 4 0 0 0 0 0 0 0 0 0 0 0 0 0 0 0 0 1 2 2 0 0 0 0 0 0 0 0 0 0 0 0 0 0 0 0 0 0 0 0 0 0 0 0 0 0 0 0 0 0 0 0 0 0 0 0 0 0 0 0 0 0 0 0 0 0 0 0 0 0 0 0 0 0 0 0 0 0 1 4 1 0 0 0 0 0 0 0 0 0 0 0 2 0 31 245 
251 255 166 0 3 0 0 0 0 0 0 0 0 0 0 0 0 0 0 0 0 1 5 3 0 0 0 0 0 0 0 0 0 0 0 0 0 0 0 0 0 0 0 0 0 0 0 0 0 0 0 0 0 0 0 0 0 0 0 0 0 0 0 0 0 0 0 0 0 0 0 0 0 0 0 0 0 4 4 4 4 3 0 0 10 5 0 0 0 0 0 0 0 0 0 0 2 0 31 245 
253 255 224 9 0 1 0 0 0 0 0 0 0 0 0 0 0 0 0 0 0 2 7 4 0 0 0 0 0 0 0 0 0 0 0 0 0 0 0 0 0 0 0 0 0 0 0 0 0 0 0 0 0 0 0 0 0 0 0 0 0 0 0 0 0 0 0 0 0 0 0 0 0 0 0 0 0 0 0 0 0 0 7 92 216 36 0 2 0 0 0 0 0 0 0 0 1 0 21 236 
255 254 255 52 0 2 0 0 0 0 0 0 0 0 0 0 0 0 0 0 0 3 10 5 0 0 0 0 0 0 0 0 0 0 0 0 0 0 0 0 0 0 0 0 0 0 0 0 0 0 0 0 0 0 0 0 0 0 0 0 0 0 0 0 0 0 0 0 0 0 0 0 0 0 1 0 10 142 156 153 151 173 228 255 251 34 0 2 0 0 0 0 0 0 0 0 1 0 22 237 
255 252 255 92 0 4 0 0 0 0 0 0 0 0 0 0 0 0 0 0 0 1 5 3 0 0 0 0 0 0 0 0 0 0 0 0 0 0 0 0 0 0 0 0 0 0 0 0 0 0 0 0 0 0 0 0 0 0 0 0 0 0 0 0 0 0 0 0 0 0 0 0 0 0 2 0 29 247 255 254 255 255 255 253 249 35 0 2 0 0 0 0 0 0 0 0 1 0 21 236 
255 251 255 124 0 4 0 0 0 0 0 0 0 0 0 0 0 0 0 0 0 0 0 0 0 0 0 0 0 0 0 0 0 0 0 0 0 2 0 0 0 0 0 0 0 0 0 0 0 0 0 0 0 0 0 0 0 0 0 0 0 0 0 0 0 0 0 0 0 0 0 0 0 0 2 0 40 249 252 250 251 251 253 255 252 34 0 2 0 0 0 0 0 0 0 0 1 0 21 236 
255 252 255 183 0 2 0 0 0 0 0 0 0 0 0 0 0 0 0 0 0 0 0 0 0 0 0 0 0 0 0 0 0 0 0 0 0 0 3 2 0 0 0 0 0 0 0 0 0 0 0 0 0 0 0 0 0 0 0 0 0 0 0 0 0 0 0 0 0 0 0 0 0 0 3 0 53 255 254 255 255 255 254 255 252 34 0 2 0 0 0 0 0 0 0 0 1 0 21 236 
255 254 255 233 24 0 1 0 0 0 0 0 0 0 0 0 0 0 0 0 0 0 0 0 0 0 0 0 0 0 0 0 0 0 0 0 0 37 3 0 4 2 0 0 0 0 0 0 0 0 0 0 0 0 0 0 0 0 0 0 0 0 0 0 0 0 0 0 0 0 0 0 0 0 3 0 75 255 253 255 255 255 254 255 252 34 0 2 0 0 0 0 0 0 0 0 1 0 21 236 
255 255 253 255 82 0 3 0 0 0 0 0 0 0 0 0 0 0 0 0 0 0 0 0 0 0 0 0 0 0 0 0 0 0 0 3 0 179 162 13 0 1 2 4 3 1 0 0 0 0 0 0 0 0 0 0 0 0 0 0 0 0 0 0 0 0 0 0 0 0 0 0 0 0 4 0 106 255 252 255 255 255 254 255 252 34 0 2 0 0 0 0 0 0 0 0 1 0 21 236 
255 255 252 255 138 0 4 0 0 0 0 0 0 0 0 0 0 0 0 0 0 0 0 0 0 0 0 0 0 0 0 0 0 0 0 0 0 205 255 233 116 21 0 0 0 0 1 4 4 4 4 4 3 3 3 3 3 3 3 3 3 3 2 0 0 0 0 0 0 0 0 0 0 0 4 0 119 255 252 255 255 255 254 255 252 34 0 2 0 0 0 0 0 0 0 0 1 0 21 236 
255 255 253 255 196 0 1 0 0 0 0 0 0 0 0 0 0 0 0 0 0 0 0 0 0 0 0 0 0 0 0 0 0 0 1 0 24 242 255 253 255 243 191 121 70 25 1 0 0 0 0 0 0 0 0 0 0 0 0 0 0 0 0 0 0 0 0 0 0 0 0 0 0 0 4 0 117 255 252 255 255 255 254 255 252 34 0 2 0 0 0 0 0 0 0 0 1 0 21 236 
255 255 254 255 249 36 0 2 0 0 0 0 0 0 0 0 0 0 0 0 0 0 0 0 0 0 0 0 0 0 0 0 0 0 3 0 67 255 253 253 251 255 255 255 255 245 208 158 108 101 103 84 67 53 55 55 55 55 55 55 52 66 44 0 1 0 0 0 0 0 0 0 0 0 4 0 128 255 252 255 255 255 254 255 252 34 0 2 0 0 0 0 0 0 0 0 1 0 21 236 
255 255 255 252 255 108 0 4 0 0 0 0 0 0 0 0 0 0 0 0 0 0 0 0 0 0 0 0 0 0 0 0 0 0 4 0 122 255 251 255 255 254 252 251 253 255 255 255 255 255 255 255 255 255 255 255 255 255 255 255 251 255 128 0 4 0 0 0 0 0 0 0 0 0 4 0 142 255 248 253 255 255 254 255 252 34 0 2 0 0 0 0 0 0 0 0 1 0 21 236 
255 255 255 253 255 221 16 0 3 0 0 0 0 0 0 0 0 0 0 0 0 0 0 0 0 0 0 0 0 0 0 0 0 0 2 0 194 255 252 255 255 255 255 255 255 254 253 251 251 251 251 252 253 254 254 254 254 254 254 254 250 255 107 0 4 0 0 0 0 0 0 0 0 0 4 0 135 255 252 255 253 252 254 255 252 34 0 2 0 0 0 0 0 0 0 0 1 0 21 236 
255 255 255 255 252 255 166 0 1 4 3 1 0 0 0 0 0 0 0 0 0 0 0 0 0 0 0 0 0 0 0 0 0 4 0 76 255 254 255 255 255 255 255 255 255 255 255 255 255 255 255 255 255 255 255 255 255 255 255 255 252 255 75 0 3 0 0 0 0 0 0 0 0 0 1 0 14 77 149 220 254 255 252 255 252 34 0 2 0 0 0 0 0 0 0 0 1 0 21 236 
255 255 255 255 255 252 255 182 27 0 1 0 0 0 0 0 0 0 0 0 0 0 0 0 0 0 0 0 0 0 0 0 4 0 28 225 255 254 255 255 255 255 255 255 255 255 255 255 255 255 255 255 255 255 255 255 255 255 255 255 255 255 43 0 2 0 0 0 0 0 0 0 0 0 0 0 0 0 0 4 57 187 255 253 251 34 0 2 0 0 0 0 0 0 0 0 1 0 21 237 
255 255 255 255 255 255 252 255 241 155 60 11 1 0 0 0 0 0 0 0 0 1 0 0 0 0 0 0 1 1 3 5 0 16 209 255 253 255 255 255 255 255 255 255 255 255 255 255 255 255 255 255 255 255 255 255 255 255 255 254 255 251 34 0 2 0 0 0 0 0 0 0 0 0 0 0 1 3 4 1 1 0 123 255 248 34 0 2 0 0 0 0 0 0 0 0 1 0 21 236 
255 255 255 255 255 255 255 252 254 254 255 220 91 4 0 0 0 0 0 0 0 0 0 1 1 1 1 1 0 0 1 0 37 205 255 252 255 255 255 255 255 255 255 255 255 255 255 255 255 255 255 255 255 255 255 255 255 255 255 254 255 236 19 0 1 0 0 0 0 0 0 0 0 0 0 0 0 0 0 0 3 5 0 146 255 23 0 2 0 0 0 0 0 0 0 0 1 0 24 239 
255 255 255 255 255 255 255 255 252 255 153 32 3 1 0 0 0 0 0 0 11 27 3 0 0 0 0 0 6 22 58 144 244 255 253 255 255 255 255 255 255 255 255 255 255 255 255 255 255 255 255 255 255 255 255 255 255 255 255 252 255 199 0 1 0 0 0 0 0 0 0 0 0 0 0 0 0 0 0 0 0 1 1 6 133 18 0 1 0 0 0 0 0 0 0 0 2 0 38 251 
255 255 255 255 255 255 255 254 255 99 0 2 0 0 0 0 0 0 1 0 10 87 169 218 211 197 197 198 221 244 255 255 254 253 255 255 255 255 255 255 255 255 255 255 255 255 255 255 255 255 255 255 255 255 255 255 255 255 255 251 255 151 0 4 0 0 0 0 0 0 0 0 0 0 0 0 0 0 0 0 0 0 0 2 1 1 0 0 0 0 0 0 0 0 0 0 2 0 54 255 
255 255 255 255 255 255 252 255 137 0 6 2 0 0 0 0 0 0 0 0 1 0 17 108 221 255 254 255 255 255 253 251 254 255 255 255 255 255 255 255 255 255 255 255 255 255 255 255 255 255 255 255 255 255 255 255 255 255 255 252 255 97 0 4 0 0 0 0 0 0 0 0 0 0 0 0 0 0 0 0 0 0 0 1 2 0 0 0 0 0 0 0 0 0 0 0 3 0 86 255 
255 255 255 255 255 253 255 227 15 0 1 0 0 0 0 0 0 0 0 0 1 2 0 0 2 71 177 245 255 255 252 253 255 255 255 255 255 255 255 255 255 255 255 255 255 255 255 255 255 255 255 255 255 255 255 255 255 255 255 254 255 57 0 3 0 0 0 0 0 0 0 0 0 0 0 0 0 0 0 0 0 0 0 0 0 0 0 0 0 0 0 0 0 0 0 0 4 0 130 255 
255 255 255 255 255 251 255 148 0 4 0 0 0 0 0 0 0 0 0 0 0 0 1 4 1 0 0 31 111 211 255 254 253 252 255 255 255 255 255 255 255 255 255 255 255 255 255 255 255 255 255 255 255 255 255 255 255 255 254 255 234 20 0 1 0 0 0 0 0 0 0 0 0 0 0 0 0 0 0 0 0 0 0 0 0 0 0 0 0 0 0 0 0 0 0 0 3 0 181 255 
255 255 255 255 255 252 255 93 0 4 0 0 0 0 0 0 0 0 0 0 0 0 0 0 0 3 3 0 0 5 101 218 255 255 253 251 254 255 255 255 255 255 255 255 255 255 255 255 255 255 255 255 255 255 255 255 255 255 251 255 183 0 2 0 0 0 0 0 0 0 0 0 0 0 0 0 0 0 0 0 0 0 0 0 0 0 0 0 0 0 0 0 0 0 0 1 0 6 223 255 
255 255 255 255 255 252 255 79 0 3 0 0 0 0 0 0 0 0 0 0 0 0 0 0 0 0 0 2 4 2 0 7 68 180 255 255 254 251 254 255 255 255 255 255 255 255 255 255 255 255 255 255 255 255 255 255 255 254 254 248 57 0 2 0 0 0 0 0 0 0 0 0 0 0 0 0 0 0 0 0 0 0 0 0 0 0 0 0 0 0 0 0 0 0 0 2 0 38 252 255 
255 255 255 255 255 251 255 97 0 4 0 0 0 0 0 0 0 0 0 0 0 0 0 0 0 0 0 0 0 1 4 1 0 0 61 161 246 255 253 252 255 255 255 255 255 255 255 255 255 255 255 255 255 255 255 255 255 252 255 94 0 3 0 0 0 0 0 0 0 0 0 0 0 0 0 0 0 0 0 0 0 0 0 0 0 0 0 0 0 0 0 0 0 0 0 4 0 83 255 252 
255 255 255 255 255 251 255 155 0 4 0 0 0 0 0 0 0 0 0 0 0 0 0 0 0 0 0 0 0 0 0 1 3 3 1 0 30 145 251 255 253 251 253 255 255 255 255 255 255 255 255 255 255 255 255 255 250 255 130 0 4 0 0 0 0 0 0 0 0 0 0 0 0 0 0 0 0 0 0 0 0 0 0 0 0 0 0 0 0 0 0 0 0 0 0 4 0 102 255 251 
255 255 255 255 255 254 255 234 23 0 2 0 0 0 0 0 0 0 0 0 0 0 0 0 0 0 0 0 0 0 0 0 0 0 3 3 1 0 43 189 255 254 255 252 251 253 254 255 255 255 255 255 255 255 255 250 255 150 0 3 0 0 0 0 0 0 0 0 0 0 0 0 0 0 0 0 0 0 0 0 0 0 0 0 0 0 0 0 0 0 0 0 0 0 0 4 0 105 255 251 
255 255 255 255 255 255 252 255 153 0 5 3 0 0 0 0 0 0 0 0 0 0 0 0 0 0 0 0 0 0 0 0 0 0 0 0 2 4 0 1 51 137 228 255 254 255 255 252 252 251 251 251 251 251 249 255 161 0 2 1 0 0 0 0 0 0 0 0 0 0 0 0 0 0 0 0 0 0 0 0 0 0 0 0 0 0 0 0 0 0 0 0 0 0 0 4 0 147 255 251 
255 255 255 255 255 255 255 253 255 121 0 1 1 4 4 1 0 0 0 0 0 0 0 0 0 0 0 0 0 0 0 0 0 0 0 0 0 0 3 2 0 0 15 94 166 219 250 255 255 255 255 255 255 253 255 161 0 2 1 0 0 0 0 0 0 0 0 0 0 0 0 0 0 0 0 0 0 0 0 0 0 0 0 0 0 0 0 0 0 0 0 0 0 0 1 0 6 214 255 253 
255 255 255 255 255 255 255 255 252 255 178 44 0 1 0 0 4 2 0 0 0 0 0 0 0 0 0 0 0 0 0 0 0 0 0 0 0 0 0 0 3 4 1 0 0 3 36 73 88 126 128 127 127 131 110 6 1 1 0 0 0 0 0 0 0 0 0 0 0 0 0 0 0 0 0 0 0 0 0 0 0 0 0 0 0 0 0 0 0 0 0 0 0 0 3 0 97 255 252 255 
255 255 255 255 255 255 255 255 255 252 255 251 204 162 120 20 0 1 3 3 0 0 0 0 0 0 0 0 0 0 0 0 0 0 0 0 0 0 0 0 0 0 1 4 3 0 0 0 0 0 0 0 0 0 0 2 1 0 0 0 0 0 0 0 0 0 0 0 0 0 0 0 0 0 0 0 0 0 0 0 0 0 0 0 0 0 0 0 0 0 0 0 0 1 0 11 217 255 253 255 
255 255 255 255 255 255 255 255 255 255 252 254 255 254 255 239 142 33 0 1 2 4 1 0 0 0 0 0 0 0 0 0 0 0 0 0 0 0 0 0 0 0 0 0 0 1 2 3 4 4 4 4 4 4 4 0 0 0 0 0 0 0 0 0 0 0 0 0 0 0 0 0 0 0 0 0 0 0 0 0 0 0 0 0 0 0 0 0 0 0 0 0 0 3 0 126 255 251 255 255 
255 255 255 255 255 255 255 255 255 255 255 255 253 251 251 254 255 246 162 47 0 0 0 4 2 0 0 0 0 0 0 0 0 0 0 0 0 0 0 0 0 0 0 0 0 0 0 0 0 0 0 0 0 0 0 0 0 0 0 0 0 0 0 0 0 0 0 0 0 0 0 0 0 0 0 0 0 0 0 0 0 0 0 0 0 0 0 0 0 0 0 0 1 0 17 228 255 254 255 255 
255 255 255 255 255 255 255 255 255 255 255 255 255 255 255 254 251 254 255 253 188 84 12 0 1 3 2 0 0 0 0 0 0 0 0 0 0 0 0 0 0 0 0 0 0 0 0 0 0 0 0 0 0 0 0 0 0 0 0 0 0 0 0 0 0 0 0 0 0 0 0 0 0 0 0 0 0 0 0 0 1 1 0 0 0 0 0 0 0 0 0 0 4 0 111 255 251 255 255 255 
255 255 255 255 255 255 255 255 255 255 255 255 255 255 255 255 255 254 251 254 255 255 230 148 28 0 1 2 3 0 0 0 0 0 0 0 0 0 0 0 0 0 0 0 0 0 0 0 0 0 0 0 0 0 0 0 0 0 0 0 0 0 0 0 0 0 0 0 0 0 0 0 0 0 0 0 0 0 0 0 0 2 2 0 0 0 0 0 0 0 0 2 0 13 218 255 253 255 255 255 
255 255 255 255 255 255 255 255 255 255 255 255 255 255 255 255 255 255 255 255 252 252 254 255 243 152 41 0 0 2 4 1 0 0 0 0 0 0 0 0 0 0 0 0 0 0 0 0 0 0 0 0 0 0 0 0 0 0 0 0 0 0 0 0 0 1 2 0 0 0 0 0 0 0 0 0 0 0 1 0 18 17 0 4 0 0 0 0 0 1 4 3 0 153 255 252 255 255 255 255 
255 255 255 255 255 255 255 255 255 255 255 255 255 255 255 255 255 255 255 255 255 255 253 251 254 255 253 188 55 0 0 2 3 0 0 0 0 0 0 0 0 0 0 0 0 0 0 0 0 0 0 0 0 0 0 0 0 0 0 0 0 0 0 0 1 2 1 1 0 0 0 0 0 0 0 0 0 0 3 0 61 208 27 0 3 4 4 4 4 2 0 9 155 255 252 255 255 255 255 255 
255 255 255 255 255 255 255 255 255 255 255 255 255 255 255 255 255 255 255 255 255 255 255 255 254 251 254 255 253 202 99 8 0 4 3 0 0 0 0 0 0 0 0 0 0 0 0 0 0 0 0 0 0 0 0 0 0 0 0 0 0 0 0 2 1 7 127 13 0 1 0 0 0 0 0 0 0 0 3 0 53 255 229 82 0 0 0 0 0 3 94 224 255 252 255 255 255 255 255 255 
255 255 255 255 255 255 255 255 255 255 255 255 255 255 255 255 255 255 255 255 255 255 255 255 255 255 255 252 253 254 255 213 67 0 1 1 4 2 0 0 0 0 0 0 0 0 0 0 0 0 0 0 0 0 0 0 0 0 0 0 0 0 2 2 0 169 231 2 0 1 0 0 0 0 0 0 0 0 3 0 55 255 252 255 210 138 102 104 144 217 255 254 252 255 255 255 255 255 255 255 
255 255 255 255 255 255 255 255 255 255 255 255 255 255 255 255 255 255 255 255 255 255 255 255 255 255 255 255 255 252 251 255 254 168 59 4 0 0 3 4 1 0 0 0 0 0 0 0 0 0 0 0 0 0 0 0 0 0 0 0 0 3 0 6 168 255 217 4 0 1 0 0 0 0 0 0 0 0 3 0 54 255 251 252 255 255 255 255 255 255 252 253 255 255 255 255 255 255 255 255 
255 255 255 255 255 255 255 255 255 253 251 251 252 252 252 252 251 251 252 254 255 255 255 255 255 255 255 255 255 255 255 253 253 255 255 211 127 27 0 1 0 2 4 4 2 1 1 0 0 0 0 0 0 0 0 0 0 0 1 4 4 0 22 189 255 255 233 15 0 1 0 0 0 0 0 0 0 0 3 0 76 255 252 251 252 251 251 251 251 253 255 255 255 255 255 255 255 255 255 255 
255 255 255 255 255 255 255 255 252 255 255 255 255 255 255 255 255 255 255 255 254 252 251 251 251 251 251 251 251 251 251 252 252 250 253 255 255 240 164 86 24 1 0 0 0 0 0 2 4 4 4 4 4 4 4 4 4 3 0 1 0 56 221 255 248 250 255 58 0 3 0 0 0 0 0 0 0 0 2 0 63 192 241 255 254 251 253 255 255 255 255 255 255 255 255 255 255 255 255 255 
255 255 255 255 255 255 254 252 255 229 146 89 76 78 78 75 99 135 182 240 255 255 255 255 255 255 255 255 255 255 255 255 255 255 254 249 247 253 255 255 243 192 136 83 35 3 0 0 0 0 0 0 0 0 0 0 0 0 7 73 166 249 255 254 255 251 255 148 0 3 0 0 0 0 0 0 0 0 0 0 1 0 27 143 243 255 254 252 252 255 255 255 255 255 255 255 255 255 255 255 
255 255 255 255 255 255 253 255 138 10 0 1 0 0 0 0 0 0 0 19 48 79 117 129 127 128 128 128 128 126 138 176 208 234 255 255 255 255 255 255 255 255 255 255 255 242 230 208 172 167 168 168 168 168 168 169 166 188 241 255 254 255 255 238 199 147 95 36 0 1 0 0 0 0 0 0 0 0 0 0 2 3 1 0 29 136 230 255 255 252 253 255 255 255 255 255 255 255 255 255 
255 255 255 255 255 253 255 99 0 3 4 4 3 3 3 3 4 4 2 0 0 0 0 0 0 0 0 0 0 0 0 0 1 13 51 103 169 179 177 177 177 175 173 174 178 185 187 190 195 195 195 195 195 195 195 195 195 193 184 176 160 105 55 16 0 0 0 0 0 0 0 0 0 0 0 0 0 0 0 0 0 0 2 3 1 0 11 82 204 255 253 253 255 255 255 255 255 255 255 255 
255 255 255 255 252 255 152 0 5 1 0 0 0 0 0 0 0 0 0 1 2 3 4 4 4 4 4 4 4 4 4 3 1 0 0 0 0 0 0 0 0 0 0 0 0 0 0 0 0 0 0 0 0 0 0 0 0 0 0 0 0 0 0 0 1 4 4 2 0 0 0 0 0 0 0 0 0 0 0 0 0 0 0 0 2 4 1 0 2 79 224 255 253 255 255 255 255 255 255 255 
255 255 255 254 255 243 32 0 2 0 0 0 0 0 0 0 0 0 0 0 0 0 0 0 0 0 0 0 0 0 0 0 0 1 3 4 3 3 3 3 3 3 3 3 3 3 3 3 3 3 3 3 3 3 3 3 3 3 3 3 4 4 3 1 0 0 0 0 0 0 0 0 0 0 0 0 0 0 0 0 0 0 0 0 0 0 1 4 3 0 18 199 255 253 255 255 255 255 255 255 
255 255 255 252 255 183 0 3 0 0 0 0 0 0 0 0 0 0 0 0 0 0 0 0 0 0 0 0 0 0 0 0 0 0 0 0 0 0 0 0 0 0 0 0 0 0 0 0 0 0 0 0 0 0 0 0 0 0 0 0 0 0 0 0 0 0 0 0 0 0 0 0 0 0 0 0 0 0 0 0 0 0 0 0 0 0 0 0 0 5 0 32 235 255 254 255 255 255 255 255 
255 255 255 251 255 136 0 4 0 0 0 0 0 0 0 0 0 0 0 0 0 0 0 0 0 0 0 0 0 0 0 0 0 0 0 0 0 0 0 0 0 0 0 0 0 0 0 0 0 0 0 0 0 0 0 0 0 0 0 0 0 0 0 0 0 0 0 0 0 0 0 0 0 0 0 0 0 0 0 0 0 0 0 0 0 0 0 0 0 0 5 0 117 255 252 255 255 255 255 255 
255 255 255 251 255 128 0 4 0 0 0 0 0 0 0 0 0 0 0 0 0 0 0 0 0 0 0 0 0 0 0 0 0 0 0 0 0 0 0 0 0 0 0 0 0 0 0 0 0 0 0 0 0 0 0 0 0 0 0 0 0 0 0 0 0 0 0 0 0 0 0 0 0 0 0 0 0 0 0 0 0 0 0 0 0 0 0 0 0 0 2 0 33 247 255 254 255 255 255 255 
255 255 255 251 255 156 0 4 0 0 0 0 0 0 0 0 0 0 0 0 0 0 0 0 0 0 0 0 0 0 0 0 0 0 0 0 0 0 0 0 0 0 0 0 0 0 0 0 0 0 0 0 0 0 0 0 0 0 0 0 0 0 0 0 0 0 0 0 0 0 0 0 0 0 0 0 0 0 0 0 0 0 0 0 0 0 0 0 0 0 0 0 1 212 255 253 255 255 255 255 
255 255 255 253 255 213 4 0 0 0 0 0 0 0 0 0 0 0 0 0 0 0 0 0 0 0 0 0 0 0 0 0 0 0 0 0 0 0 0 0 0 0 0 0 0 0 0 0 0 0 0 0 0 0 0 0 0 0 0 0 0 0 0 0 0 0 0 0 0 0 0 0 0 0 0 0 0 0 0 0 0 0 0 0 0 0 0 0 0 0 0 1 0 201 255 252 255 255 255 255 
255 255 255 255 253 255 82 0 5 0 0 0 0 0 0 0 0 0 0 0 0 0 0 0 0 0 0 0 0 0 0 0 0 0 0 0 0 0 0 0 0 0 0 0 0 0 0 0 0 0 0 0 0 0 0 0 0 0 0 0 0 0 0 0 0 0 0 0 0 0 0 0 0 0 0 0 0 0 0 0 0 0 0 0 0 0 0 0 0 0 1 0 3 215 255 253 255 255 255 255 
255 255 255 255 253 255 221 20 0 5 2 0 0 0 0 0 0 0 0 0 0 0 0 0 0 0 0 0 0 0 0 0 0 0 0 0 0 0 0 0 0 0 0 0 0 0 0 0 0 0 0 0 0 0 0 0 0 0 0 0 0 0 0 0 0 0 0 0 0 0 0 0 1 3 4 4 4 4 4 1 0 0 0 0 0 0 0 0 0 0 2 0 39 251 255 254 255 255 255 255 
255 255 255 255 255 253 255 201 27 0 1 1 1 1 1 3 4 3 2 1 0 0 0 0 0 0 0 0 0 0 0 0 0 0 0 0 0 0 0 0 0 0 0 0 0 0 0 0 0 0 0 0 0 0 0 0 0 0 0 0 0 0 0 0 0 0 0 0 0 2 3 4 1 0 0 0 0 0 0 1 4 2 0 0 0 0 0 0 0 0 5 0 129 255 251 255 255 255 255 255 
255 255 255 255 255 255 253 255 236 116 28 1 0 0 0 0 0 0 0 0 1 3 4 4 4 4 4 4 4 4 4 3 1 0 0 0 0 0 0 0 0 0 0 0 0 0 0 0 0 0 0 0 0 0 0 0 0 0 0 0 0 0 0 0 1 3 4 3 1 0 1 0 9 83 155 153 151 158 106 8 0 0 3 3 0 0 0 0 1 6 0 44 243 255 254 255 255 255 255 255 
255 255 255 255 255 255 255 253 254 255 247 210 199 200 203 176 100 58 31 9 0 0 0 0 0 0 0 0 0 0 0 0 0 2 4 4 4 4 4 4 4 4 4 4 4 4 4 4 4 4 4 4 4 4 4 4 4 4 4 4 4 4 4 2 0 0 0 0 3 28 80 152 224 255 254 255 255 254 255 226 127 32 0 0 1 4 4 3 1 0 32 215 255 253 255 255 255 255 255 255 
255 255 255 255 255 255 255 255 254 251 255 255 255 255 255 255 255 255 248 227 201 167 151 153 153 153 153 152 155 142 104 68 20 0 0 0 0 0 0 0 0 0 0 0 0 0 0 0 0 0 0 0 0 0 0 0 0 0 0 0 0 0 0 0 20 63 111 163 212 248 255 255 255 252 251 251 251 251 252 255 255 251 171 46 0 1 1 0 11 104 237 255 253 255 255 255 255 255 255 255 
255 255 255 255 255 255 255 255 255 255 254 253 252 252 252 252 251 253 255 255 255 255 255 255 255 255 255 255 255 255 255 255 241 182 134 121 102 102 102 102 102 102 102 102 102 102 102 102 102 102 102 102 102 102 102 102 102 102 102 102 103 100 122 186 242 255 255 255 255 255 252 251 253 255 255 255 255 255 255 253 251 254 255 251 205 159 150 178 233 255 253 253 255 255 255 255 255 255 255 255 
255 255 255 255 255 255 255 255 255 255 255 255 255 255 255 255 255 255 254 253 252 251 251 251 251 251 251 251 251 251 251 253 255 255 255 255 255 255 255 255 255 255 255 255 255 255 255 255 255 255 255 255 255 255 255 255 255 255 255 255 255 255 255 255 255 253 251 251 253 254 255 255 255 255 255 255 255 255 255 255 255 254 251 254 255 255 255 255 255 252 254 255 255 255 255 255 255 255 255 255 
255 255 255 255 255 255 255 255 255 255 255 255 255 255 255 255 255 255 255 255 255 255 255 255 255 255 255 255 255 255 255 255 254 252 251 251 251 251 251 251 251 251 251 251 251 251 251 251 251 251 251 251 251 251 251 251 251 251 251 251 251 251 251 252 254 255 255 255 255 255 255 255 255 255 255 255 255 255 255 255 255 255 255 255 253 251 251 252 254 255 255 255 255 255 255 255 255 255 255 255 
255 255 255 255 255 255 255 255 255 255 255 255 255 255 255 255 255 255 255 255 255 255 255 255 255 255 255 255 255 255 255 255 255 255 255 255 255 255 255 255 255 255 255 255 255 255 255 255 255 255 255 255 255 255 255 255 255 255 255 255 255 255 255 255 255 255 255 255 255 255 255 255 255 255 255 255 255 255 255 255 255 255 255 255 255 255 255 255 255 255 255 255 255 255 255 255 255 255 255 255 
