



0.568678
0.481180
0.486151
0.512003
0.0401266
4.461029
4.449241
4.451788
4.45402
0.00506448
0.670478
0.669932
0.671922
0.670777
0.000839534
3.581653
3.621052
3.579625
3.59411
0.0190689
0.683315
0.716826
0.670700
0.69028
0.0194643
3.571986
3.570784
3.579911
3.57423
0.00404904
























































2.682870
2.715013
2.625394
2.67443
0.0370708
7.020427
7.014340
7.010405
7.01506
0.00412279
1.435065
1.389690
1.321309
1.38202
0.0467562
5.008670
5.014197
5.015100
5.01266
0.0028423
0.678791
0.816929
0.706544
0.734088
0.0596631
3.582455
4.089889
3.737751
3.80336
0.212291
9.378308
8.981215
9.374462
9.24466
0.186292
11.630505
11.677418
10.964094
11.424
0.32577
19.040262
11.346601
11.723291
14.0367
3.54138
20.934879
12.988055
13.599642
15.8409
3.61066
23.860542
27.578436
26.997227
26.1454
1.63297
25.994249
29.159920
28.219259
27.7911
1.32736
50.339973
50.726795
51.212410
50.7597
0.356931
50.334339
50.883530
52.392433
51.2034
0.870131
























































1.649340
1.651523
1.649485
1.65012
0.000996659
8.758691
8.760374
8.756898
8.75865
0.00141931
0.833877
0.835957
0.835012
0.834949
0.000850337
6.276612
6.280529
6.283784
6.28031
0.00293211
0.488373
0.455720
0.485641
0.476578
0.0147909
4.450442
4.450608
4.448928
4.44999
0.000755877
0.328036
0.330555
0.339183
0.332591
0.00477311
2.750214
2.751982
2.750903
2.75103
0.000727613
0.231903
0.249149
0.268055
0.249702
0.0147642
1.589850
1.587598
1.588651
1.5887
0.000920019
0.213372
0.209555
0.197572
0.206833
0.00673137
1.144911
1.099066
1.004129
1.0827
0.0586272
0.203636
0.204702
0.188057
0.198798
0.00760773
0.858183
0.862176
0.864692
0.861684
0.00268
1.649689
1.650715
1.649600
1.65
0.000505945
8.759834
8.757647
8.758639
8.75871
0.00089412
0.835389
0.833986
0.833941
0.834439
0.000672238
6.281002
6.277396
6.279632
6.27934
0.00148623
0.481720
0.455787
0.487185
0.474897
0.013696
4.452398
4.448428
4.449894
4.45024
0.00163911
0.330167
0.303203
0.316081
0.316484
0.0110117
2.755275
2.750897
2.751237
2.75247
0.00198852
0.240274
0.232209
0.239978
0.237487
0.00373407
1.587321
1.586237
1.588013
1.58719
0.000730912
0.176508
0.186030
0.192992
0.185177
0.00675656
0.982134
1.037604
1.017703
1.01248
0.0229447
0.221044
0.189372
0.201738
0.204051
0.0130331
0.829103
0.760419
0.855993
0.815172
0.0402423
1.653886
1.653992
1.654953
1.65428
0.000479959
8.778015
8.776640
8.779128
8.77793
0.0010176
0.903301
0.836319
0.838328
0.859316
0.0311129
6.291527
6.283971
6.290573
6.28869
0.00335972
0.493450
0.481733
0.485998
0.48706
0.00484207
4.454397
4.454407
4.458517
4.45577
0.00193983
0.316531
0.329861
0.316845
0.321079
0.00621113
2.752303
2.752154
2.752795
2.75242
0.000273891
0.238455
0.253481
0.271617
0.254518
0.0135582
1.587508
1.647674
1.590688
1.60862
0.0276435
0.183977
0.189947
0.212780
0.195568
0.0124124
0.974366
1.055882
1.103494
1.04458
0.0533185
0.230070
0.195317
0.181689
0.202359
0.0203694
0.867676
0.787319
0.787020
0.814005
0.0379513
