0.724273
0.722529
0.723401
0.000872
6.308436
6.306112
6.30727
0.001162
0.422245
0.422743
0.422494
0.000249
5.518025
5.519775
5.5189
0.000875
0.544091
0.441512
0.492802
0.0512895
4.145444
4.122148
4.1338
0.011648
0.437760
0.428127
0.432943
0.0048165
2.968718
2.918618
2.94367
0.02505
0.540499
0.528914
0.534706
0.0057925
2.536621
2.614905
2.57576
0.039142
0.432400
0.432666
0.432533
0.000133
2.367101
2.365287
2.36619
0.000907
0.737369
0.722911
0.73014
0.007229
6.303705
6.302786
6.30325
0.0004595
0.420949
0.419308
0.420129
0.0008205
5.512280
5.513368
5.51282
0.000544
0.547906
0.440228
0.494067
0.053839
4.080756
3.995982
4.03837
0.042387
0.606211
0.540576
0.573394
0.0328175
2.868991
2.837574
2.85328
0.0157085
0.615043
0.536935
0.575989
0.039054
2.673744
2.675304
2.67452
0.00078
0.566369
0.531654
0.549011
0.0173575
2.418704
2.374328
2.39652
0.022188
0.639636
0.446035
0.542836
0.0968005
3.151952
3.152842
3.1524
0.000445
0.474528
0.481706
0.478117
0.003589
2.676736
2.741768
2.70925
0.032516
0.459462
0.463419
0.461441
0.0019785
2.565282
2.680639
2.62296
0.0576785
0.450751
0.452839
0.451795
0.001044
2.571270
2.647824
2.60955
0.038277
0.426179
0.481717
0.453948
0.027769
2.239806
2.236161
2.23798
0.0018225
0.475272
0.447252
0.461262
0.01401
2.246503
2.259939
2.25322
0.006718
0.492602
0.448544
0.470573
0.022029
5.516658
5.520328
5.51849
0.001835
0.419849
0.575423
0.497636
0.077787
5.514688
5.521243
5.51797
0.0032775
0.486227
0.422000
0.454114
0.0321135
5.522729
5.519019
5.52087
0.001855
0.488080
0.447099
0.467589
0.0204905
5.521880
5.518888
5.52038
0.001496
0.421767
0.450481
0.436124
0.014357
5.514095
5.521319
5.51771
0.003612
1.652165
1.646602
1.64938
0.0027815
8.780287
8.781155
8.78072
0.000434
0.936649
0.894906
0.915777
0.0208715
6.303930
6.307795
6.30586
0.0019325
0.421734
0.420712
0.421223
0.000511
5.519340
5.519774
5.51956
0.000217
0.236869
0.259116
0.247993
0.0111235
4.479982
4.472455
4.47622
0.0037635
0.119260
0.154571
0.136915
0.0176555
2.896997
2.911243
2.90412
0.007123
0.087213
0.091580
0.0893965
0.0021835
1.543033
1.590217
1.56663
0.023592
0.112358
0.149695
0.131026
0.0186685
1.290072
1.335997
1.31303
0.0229625
0.722232
0.735829
0.722811
0.722739
0.736002
0.736358
0.722158
0.737896
0.722129
0.724181
0.728233
0.00680899
6.294444
6.293024
6.292893
6.292830
6.293627
6.292445
6.292039
6.293560
6.294655
6.295605
6.29351
0.00104718
0.439670
0.429905
0.420656
0.434513
0.431985
0.421332
0.438038
0.456455
0.454719
0.436567
0.436384
0.0113637
5.509137
5.505438
5.509111
5.509475
5.508360
5.508867
5.509336
5.508264
5.507024
5.508445
5.50835
0.00118144
0.440507
0.490465
0.476381
0.440460
0.441105
0.494004
0.455249
0.471735
0.440796
0.491270
0.464197
0.0219141
4.019267
3.805182
4.019380
4.075150
4.022860
3.805330
3.793248
4.074925
4.019537
3.802689
3.94376
0.117817
0.427603
0.468439
0.467465
0.427729
0.427532
0.427640
0.427774
0.428044
0.467878
0.466741
0.443684
0.0195564
2.989730
2.893168
2.989768
2.994087
2.989806
2.993654
2.990208
2.993702
2.914724
2.993000
2.97418
0.0354889
0.469247
0.463537
0.427676
0.476418
0.428752
0.463216
0.428709
0.427324
0.427275
0.427372
0.443953
0.0200159
2.573186
2.620897
2.562496
2.576056
2.573879
2.621762
2.561219
2.621394
2.561374
2.622044
2.58943
0.0266719
0.432403
0.469048
0.433101
0.466578
0.432691
0.431933
0.468040
0.474061
0.432503
0.478026
0.451838
0.0195476
2.367969
2.367908
2.366508
2.364938
2.367216
2.365585
2.365666
2.367322
2.366593
2.365195
2.36649
0.00104939
0.444776
0.443630
0.445168
0.444465
0.444992
0.444526
0.444576
0.524309
0.481569
0.471649
0.458966
0.0252775
3.148736
3.149645
3.149921
3.148853
3.148312
3.148089
3.147851
3.150208
3.182817
3.148680
3.15231
0.0101955
0.452877
0.452576
0.451439
0.484230
0.488949
0.464023
0.452315
0.462435
0.463766
0.452624
0.462523
0.0130014
2.713919
2.758640
2.712686
2.696509
2.620101
2.758336
2.713571
2.680432
2.711889
2.758799
2.71249
0.0402475
0.445648
0.436180
0.449175
0.437780
0.437187
0.437286
0.438121
0.437725
0.437146
0.438192
0.439444
0.00409767
2.625113
2.629411
2.719315
2.745909
2.719403
2.745433
2.719368
2.745467
2.718752
2.745488
2.71137
0.0436847
0.436329
0.425691
0.440378
0.428926
0.429430
0.428955
0.438132
0.439585
0.429319
0.464573
0.436132
0.0107082
2.515409
2.527041
2.597632
2.610701
2.598169
2.615086
2.516521
2.612155
2.596343
2.527506
2.57166
0.0414503
0.456330
0.435135
0.432194
0.456927
0.456898
0.435094
0.433280
0.435822
0.425105
0.425480
0.439227
0.0119864
2.237463
2.237183
2.236981
2.237136
2.236973
2.237387
2.236530
2.237552
2.236256
2.237311
2.23708
0.000391596
0.422524
0.422579
0.455828
0.432405
0.456437
0.455816
0.433537
0.422959
0.422926
0.422919
0.434793
0.0144283
2.234946
2.234592
2.234274
2.235370
2.246531
2.249163
2.234692
2.235129
2.236006
2.235773
2.23765
0.00515763
0.421273
0.456271
0.445689
0.420110
0.421220
0.431344
0.456218
0.443377
0.421215
0.422866
0.433958
0.0142369
5.509786
5.513071
5.508925
5.509327
5.510449
5.511214
5.511585
5.509323
5.509906
5.510203
5.51038
0.00119774
0.420467
0.420275
0.419827
0.432764
0.420917
0.431996
0.420159
0.419473
0.432521
0.456018
0.427442
0.0109935
5.508655
5.508724
5.507804
5.510053
5.509899
5.510465
5.506938
5.507587
5.509462
5.504614
5.50842
0.00167406
0.420324
0.422483
0.421352
0.431342
0.431513
0.455985
0.445736
0.418553
0.418427
0.457530
0.432325
0.0145626
5.508211
5.509545
5.507311
5.509029
5.509353
5.510413
5.510749
5.510206
5.510691
5.511146
5.50967
0.00115952
0.418473
0.419566
0.418894
0.419218
0.419117
0.430783
0.431322
0.443284
0.457052
0.454165
0.431187
0.0144231
5.509440
5.508885
5.508776
5.509332
5.509394
5.508415
5.509228
5.509424
5.512288
5.510144
5.50953
0.0010188
0.421130
0.422043
0.438518
0.419549
0.431256
0.420707
0.443411
0.430545
0.445403
0.418441
0.4291
0.00977051
5.510847
5.509349
5.506093
5.505891
5.508022
5.508050
5.505115
5.509218
5.504423
5.504006
5.5071
0.00220208
1.645119
1.645230
1.644813
1.645399
1.644615
1.644934
1.645436
1.645120
1.645346
1.647183
1.64532
0.00066953
8.775736
8.775312
8.775936
8.778128
8.775635
8.775027
8.775131
8.774624
8.775899
8.775918
8.77573
0.00090092
0.827523
0.827591
0.827743
0.827813
0.827590
0.827411
0.827354
0.827604
0.827971
0.827445
0.827604
0.000181561
6.291954
6.294512
6.295367
6.295318
6.297100
6.291986
6.289489
6.292336
6.294747
6.295138
6.29379
0.00215104
0.433744
0.420913
0.447879
0.419752
0.430378
0.445774
0.418581
0.419680
0.419166
0.430839
0.428671
0.010524
5.507545
5.506761
5.507610
5.506333
5.508123
5.507608
5.508035
5.507622
5.509361
5.505837
5.50748
0.000940702
0.220116
0.224658
0.222368
0.222102
0.249082
0.225013
0.250959
0.265082
0.238001
0.221770
0.233915
0.015114
4.469082
4.467381
4.465682
4.463047
4.473717
4.511190
4.462361
4.466773
4.464778
4.465369
4.47094
0.0137616
0.145796
0.137139
0.150438
0.121867
0.153256
0.125724
0.114354
0.126623
0.147571
0.126076
0.134884
0.0129816
2.893636
2.898298
2.900729
2.894331
2.899947
2.892966
2.892171
2.893942
2.902104
2.892021
2.89601
0.00364401
0.087592
0.089728
0.082187
0.090485
0.095498
0.116423
0.098515
0.083468
0.086790
0.088387
0.0919073
0.00941941
1.515557
1.710546
1.462525
1.496757
1.621519
1.492155
1.493802
1.496899
1.479231
1.669235
1.54382
0.0841015
0.339367
0.100083
0.141049
0.131328
0.298462
0.122501
0.205957
0.123273
0.119565
0.203202
0.178479
0.0781469
1.288918
1.315400
1.310068
1.255738
1.296103
1.297144
1.305873
1.319242
1.311046
1.260878
1.29604
0.0208431
0.722312
0.722281
0.722311
0.722189
0.754443
0.722659
0.736394
0.722392
0.723522
0.735676
0.728418
0.0101887
6.343872
6.342305
6.342383
6.340868
6.340476
6.342439
6.342990
6.344100
6.341517
6.342500
6.34234
0.00110562
0.434086
0.419687
0.457420
0.430694
0.431759
0.433441
0.433378
0.432931
0.432225
0.433057
0.433868
0.00880355
5.534639
5.524001
5.535218
5.528448
5.528402
5.526474
5.528740
5.527131
5.524919
5.533452
5.52914
0.00377263
0.440242
0.440641
0.483787
0.476195
0.489421
0.471397
0.440219
0.490361
0.492092
0.440395
0.466475
0.0221287
4.138445
4.122533
4.094616
4.124730
4.081006
4.123834
4.139919
4.061240
4.138898
4.123878
4.11491
0.025517
0.469960
0.428460
0.428289
0.466507
0.462428
0.428459
0.471305
0.470886
0.428638
0.468912
0.452384
0.0196773
3.041167
3.004727
3.040436
2.916277
3.041408
3.004175
2.987985
3.003892
3.041093
2.934950
3.00161
0.0425998
0.427891
0.427718
0.561058
0.461650
0.427781
0.464441
0.465876
0.427919
0.427873
0.464580
0.455679
0.0390851
2.775947
2.705111
2.776846
2.705390
2.776642
2.641868
2.777107
2.706068
2.776174
2.605095
2.72462
0.0597576
0.475725
0.469028
0.570119
0.471736
0.469422
0.432119
0.434103
0.432603
0.432151
0.472276
0.465928
0.0393127
2.414305
2.384806
2.385961
2.383726
2.384422
2.383916
2.384706
2.385647
2.384605
2.384010
2.38761
0.00892399
0.576658
0.445301
0.470863
0.476254
0.475125
0.483361
0.447432
0.480963
0.474980
0.444685
0.477562
0.0359915
3.174405
3.172208
3.172646
3.174482
3.174013
3.174358
3.175111
3.212484
3.175217
3.173652
3.17786
0.0115785
0.464969
0.462938
0.464496
0.453039
0.455971
0.454114
0.452423
0.454112
0.457505
0.461939
0.458151
0.00469821
2.743171
2.747783
2.741739
2.740326
2.742022
2.741987
2.743072
2.744672
2.742973
2.743507
2.74313
0.00191131
0.444475
0.446784
0.437857
0.438461
0.437209
0.438734
0.445352
0.453811
0.437326
0.438722
0.441873
0.00524869
2.665152
2.707546
2.661167
2.708860
2.660889
2.706835
2.666079
2.706471
2.660575
2.707571
2.68511
0.0224111
0.429258
0.436498
0.438826
0.429580
0.429998
0.429265
0.429550
0.434822
0.460237
0.438516
0.435655
0.00901028
2.621106
2.601222
2.631051
2.627319
2.632491
2.627762
2.632879
2.602522
2.581986
2.627005
2.61853
0.0164006
0.432939
0.488717
0.498780
0.445965
0.488069
0.435039
0.425008
0.425654
0.424894
0.424859
0.448992
0.0288591
2.262414
2.247682
2.247741
2.237291
2.248251
2.236532
2.236102
2.236424
2.235853
2.236023
2.24243
0.00843002
0.433463
0.423615
0.422431
0.431099
0.421594
0.434246
0.430735
0.487681
0.432744
0.422263
0.433987
0.0185365
2.234398
2.234923
2.234590
2.237271
2.234450
2.234929
2.234830
2.233589
2.233758
2.234107
2.23468
0.000967773
0.451663
0.421678
0.422133
0.419743
0.419512
0.420339
0.433508
0.450896
0.420197
0.419392
0.427906
0.0123398
5.512883
5.516182
5.518729
5.525443
5.523181
5.519279
5.530806
5.519308
5.518542
5.514287
5.51986
0.00508858
0.442214
0.510689
0.429934
0.445894
0.431136
0.440166
0.433652
0.430545
0.431944
0.433930
0.44301
0.0231459
5.522559
5.548417
5.528116
5.523973
5.527217
5.530316
5.534176
5.532414
5.526597
5.521340
5.52951
0.00741444
0.418704
0.511025
0.420203
0.447298
0.419641
0.418735
0.418881
0.431325
0.442025
0.419736
0.434757
0.0273333
5.518094
5.534611
5.517791
5.522387
5.521415
5.522322
5.516650
5.518483
5.519303
5.516764
5.52078
0.0050344
0.430857
0.420518
0.431410
0.430312
0.443563
0.417934
0.418392
0.418025
0.417654
0.420521
0.424919
0.00827337
5.525320
5.528896
5.532260
5.522986
5.525573
5.519864
5.520964
5.513799
5.522789
5.516750
5.52292
0.00519803
