100	0.04
400	0.16
900	0.35
1600	0.72
2500	1.23
3600	1.97
4900	2.79
6400	3.69
8100	4.77
10000	5.85
12100	7.04
14400	7.99
16900	9.42
19600	11.38
22500	12.80
25600	14.11
28900	16.05
32400	18.38
36100	19.88
40000	21.84
44100	24.83
48400	27.21
52900	30.03
57600	31.31
62500	37.02
67600	37.45
72900	41.72
78400	42.82
84100	48.13
90000	52.96
96100	55.73
102400	55.68
108900	60.66
115600	63.94
122500	66.12
129600	69.34
136900	73.99
144400	77.52
152100	81.69
160000	88.46
1	
4	
9	
16	
25	
36	
49	
64	
81	
100	
121	
144	
169	
196	
225	
256	
289	
324	
361	
400	
441	
484	
529	
576	
625	
676	
729	
784	
841	
900	
961	
1024	
1089	
1156	
1225	
1296	
1369	
1444	
1521	
1600	
