100	0.05
400	0.18
900	0.41
1600	0.79
2500	1.41
3600	2.21
4900	3.17
6400	4.16
8100	5.34
10000	6.61
12100	7.80
14400	8.89
16900	10.57
19600	12.64
22500	14.20
25600	15.74
28900	17.82
32400	20.30
36100	22.10
40000	24.21
44100	27.45
48400	30.10
52900	33.02
57600	34.76
62500	40.66
67600	41.46
72900	46.27
78400	47.58
84100	53.34
90000	58.25
96100	61.47
102400	61.90
108900	67.37
115600	71.12
122500	73.29
129600	76.79
136900	82.01
144400	85.90
152100	90.78
160000	98.40
1	
4	
9	
16	
25	
36	
49	
64	
81	
100	
121	
144	
169	
196	
225	
256	
289	
324	
361	
400	
441	
484	
529	
576	
625	
676	
729	
784	
841	
900	
961	
1024	
1089	
1156	
1225	
1296	
1369	
1444	
1521	
1600	
