100	0.04
400	0.16
900	0.36
1600	0.71
2500	1.24
3600	1.99
4900	2.80
6400	3.75
8100	4.81
10000	5.98
12100	7.14
14400	8.06
16900	9.58
19600	11.41
22500	12.86
25600	14.30
28900	16.15
32400	18.30
36100	20.03
40000	22.05
44100	24.96
48400	27.37
52900	30.00
57600	31.69
62500	36.96
67600	37.65
72900	41.95
78400	43.21
84100	48.35
90000	53.07
96100	56.48
102400	56.65
108900	61.01
115600	64.38
122500	66.97
129600	69.90
136900	74.43
144400	78.22
152100	82.27
160000	89.12
1	
4	
9	
16	
25	
36	
49	
64	
81	
100	
121	
144	
169	
196	
225	
256	
289	
324	
361	
400	
441	
484	
529	
576	
625	
676	
729	
784	
841	
900	
961	
1024	
1089	
1156	
1225	
1296	
1369	
1444	
1521	
1600	
