100	0.04
400	0.14
900	0.30
1600	0.61
2500	1.12
3600	1.76
4900	2.51
6400	3.25
8100	4.26
10000	5.31
12100	6.35
14400	7.20
16900	8.61
19600	10.32
22500	11.55
25600	12.79
28900	14.49
32400	16.58
36100	17.92
40000	19.69
44100	22.61
48400	24.69
52900	27.13
57600	28.43
62500	33.60
67600	33.94
72900	38.03
78400	38.79
84100	43.84
90000	48.37
96100	50.83
102400	50.71
108900	55.16
115600	58.34
122500	60.13
129600	63.09
136900	66.95
144400	70.16
152100	73.79
160000	80.41
1	
4	
9	
16	
25	
36	
49	
64	
81	
100	
121	
144	
169	
196	
225	
256	
289	
324	
361	
400	
441	
484	
529	
576	
625	
676	
729	
784	
841	
900	
961	
1024	
1089	
1156	
1225	
1296	
1369	
1444	
1521	
1600	
